41468,6602300,全,all
